0: F_bar = 31857.900, C_max = 38594.000, Q_bar = 30368.150
   mu = 0.058946	0.060355	0.051564	0.047187	0.046633	0.050501	0.053118	0.058050	0.052761	0.039216	0.056550	0.048808	0.046824	0.038299	0.051063	
   O_bar = 18.699535	18.331744	19.050634	17.766670	19.290836	17.422244	17.787350	19.050965	18.588596	19.628160	17.585818	17.072373	17.965880	19.556300	18.634285	
1: F_bar = 33699.650, C_max = 40359.000, Q_bar = 32209.900
   mu = 0.058283	0.041856	0.050838	0.047885	0.041673	0.048028	0.051875	0.052197	0.049558	0.047551	0.056146	0.052710	0.050001	0.052884	0.057702	
   O_bar = 17.321158	16.920532	16.797172	17.882190	17.827107	19.421595	16.939941	17.701574	18.756399	16.021086	18.462786	17.770078	17.901311	19.105215	18.762959	
2: F_bar = 32605.550, C_max = 36372.000, Q_bar = 31115.800
   mu = 0.052523	0.052370	0.057134	0.053734	0.057886	0.060337	0.061087	0.052458	0.063518	0.064405	0.056594	0.056038	0.060806	0.050523	0.047939	
   O_bar = 17.393163	19.555979	17.814154	19.504398	17.974163	16.484158	18.258155	17.969623	16.611956	18.669645	17.482374	16.034626	16.077448	17.080603	18.564491	
3: F_bar = 37601.250, C_max = 40594.000, Q_bar = 36111.500
   mu = 0.052318	0.045131	0.049981	0.054289	0.049673	0.046673	0.056375	0.050053	0.047047	0.060180	0.052753	0.042368	0.056795	0.050086	0.048340	
   O_bar = 19.431836	17.121670	17.508552	18.839892	17.569677	17.085859	17.772607	16.749736	17.387205	18.044078	19.365626	18.737841	18.047589	18.780356	16.741982	
4: F_bar = 35334.050, C_max = 40476.000, Q_bar = 33844.300
   mu = 0.042874	0.063236	0.051726	0.059105	0.055515	0.048738	0.057272	0.057141	0.047758	0.041270	0.059819	0.039404	0.060653	0.056779	0.042813	
   O_bar = 16.815188	17.326354	18.122654	18.363875	18.120998	17.911560	16.776893	17.060333	18.429848	14.902047	16.669841	19.179980	17.661627	18.940955	19.006494	
5: F_bar = 23298.200, C_max = 25624.000, Q_bar = 21808.450
   mu = 0.089493	0.094011	0.079428	0.081621	0.090664	0.089529	0.080370	0.083758	0.072967	0.066865	0.075122	0.082409	0.075935	0.083356	0.086955	
   O_bar = 16.499592	15.386865	17.526580	18.990521	18.992020	18.185490	17.270267	18.714608	18.909864	17.454612	19.284613	18.599891	17.510064	17.718967	18.826090	
6: F_bar = 28178.850, C_max = 32651.000, Q_bar = 26689.100
   mu = 0.095173	0.083291	0.089730	0.084775	0.074896	0.090685	0.085235	0.079144	0.076690	0.059739	0.065611	0.075425	0.065330	0.063245	0.071641	
   O_bar = 18.765569	18.054640	15.914401	17.478320	16.630727	16.826154	18.435840	18.196424	19.235521	16.506686	18.759047	18.310287	16.252931	18.373160	18.078022	
7: F_bar = 25217.350, C_max = 28479.000, Q_bar = 23727.600
   mu = 0.089164	0.110950	0.091212	0.072420	0.098919	0.097818	0.084138	0.052917	0.088524	0.056864	0.063516	0.076580	0.081743	0.067544	0.066218	
   O_bar = 17.249921	16.930519	19.198430	17.399850	18.379383	19.118397	15.444799	18.565627	16.684989	18.796760	18.803131	18.469444	19.102474	19.223883	18.588341	
8: F_bar = 24922.700, C_max = 28584.000, Q_bar = 23432.950
   mu = 0.095686	0.089842	0.087803	0.088433	0.100853	0.106345	0.085827	0.092040	0.072106	0.072900	0.069404	0.066432	0.067869	0.091529	0.081089	
   O_bar = 18.173930	18.088605	18.306798	18.030483	15.444522	16.935999	17.598225	19.115505	17.919867	16.077904	16.738657	18.231158	18.318759	17.120380	16.829441	
9: F_bar = 24478.550, C_max = 27941.000, Q_bar = 22988.800
   mu = 0.092427	0.079518	0.098483	0.100740	0.077067	0.102889	0.102390	0.085279	0.066144	0.082471	0.079205	0.059496	0.069812	0.083150	0.066030	
   O_bar = 18.086016	18.543342	18.922807	18.853664	16.848501	16.967748	12.072488	17.509101	19.471849	15.870545	16.690274	17.881156	18.108632	18.488959	19.216918	
