0: F_bar = 4102.600, C_max = 4668.000, Q_bar = 2612.850
   mu = 0.509827	0.514374	0.483946	0.447541	0.416624	0.460289	0.542452	0.519452	0.453409	0.389596	0.445373	0.442423	0.477902	0.356862	0.468569	
   O_bar = 9.145765	8.700641	12.905985	9.671674	11.260549	9.224309	11.835355	11.956052	11.150000	9.235979	11.122322	7.324277	10.181310	9.579931	10.238395	
1: F_bar = 3770.650, C_max = 4282.000, Q_bar = 2280.900
   mu = 0.651875	0.436544	0.499099	0.440915	0.424921	0.498036	0.487228	0.556033	0.551192	0.500000	0.620623	0.523404	0.546143	0.637936	0.533301	
   O_bar = 11.927856	10.022002	9.777492	10.152032	9.600369	12.865148	11.399109	11.340500	10.348321	9.466382	11.676041	8.217021	13.065494	11.857056	7.954789	
2: F_bar = 4807.750, C_max = 5600.000, Q_bar = 3318.000
   mu = 0.401198	0.375221	0.556614	0.354101	0.386260	0.451491	0.484179	0.319137	0.434471	0.453318	0.358929	0.441855	0.463262	0.356394	0.335812	
   O_bar = 8.428785	11.355556	12.047632	9.111790	8.329864	11.449181	9.164283	7.542214	8.237170	11.233218	11.398571	9.368974	10.393369	9.105486	8.971968	
3: F_bar = 3793.100, C_max = 4020.000, Q_bar = 2303.350
   mu = 0.609247	0.447267	0.516713	0.568306	0.539887	0.544578	0.585966	0.591001	0.525325	0.588389	0.540641	0.474979	0.580100	0.561340	0.479695	
   O_bar = 11.879335	10.182705	8.467466	9.500651	12.665055	9.725904	10.442776	10.483309	10.020758	9.721234	8.533227	10.414547	10.494776	11.338687	10.798223	
4: F_bar = 4314.200, C_max = 4575.000, Q_bar = 2824.450
   mu = 0.376434	0.518907	0.483213	0.594915	0.490308	0.438365	0.524390	0.487948	0.437053	0.352457	0.571535	0.394144	0.540154	0.571244	0.399193	
   O_bar = 10.037778	11.573989	11.188489	10.869168	8.423717	9.337117	11.898613	9.488624	11.567239	12.304648	8.855195	9.218969	10.384818	9.138860	11.465210	
5: F_bar = 5463.550, C_max = 5980.000, Q_bar = 3973.800
   mu = 0.713873	0.761888	0.716573	0.693926	0.669690	0.752483	0.663548	0.380523	0.339183	0.317498	0.334128	0.369164	0.339016	0.363712	0.383593	
   O_bar = 10.936777	10.339204	10.851481	9.523620	8.442274	11.439132	9.766463	13.474726	13.922594	14.515407	15.653585	15.109187	14.459421	13.852676	14.083086	
6: F_bar = 5685.000, C_max = 6261.000, Q_bar = 4195.250
   mu = 0.760915	0.715946	0.796928	0.726877	0.502992	0.827047	0.637377	0.396201	0.446266	0.308910	0.352761	0.393315	0.322153	0.351738	0.387052	
   O_bar = 10.789789	12.660734	8.977389	11.366340	8.398740	9.709069	11.191340	13.128489	14.163251	13.882353	13.145285	12.078371	14.348027	15.777739	15.044969	
7: F_bar = 6048.000, C_max = 6575.000, Q_bar = 4558.250
   mu = 0.720947	0.740534	0.716007	0.454146	0.729541	0.841433	0.648443	0.252729	0.388907	0.257373	0.282594	0.384535	0.325627	0.304369	0.296272	
   O_bar = 11.562477	8.808042	10.930465	7.212423	10.115607	11.572543	8.786159	15.480437	14.853376	15.122536	13.971873	13.768549	13.848061	14.646682	14.002508	
8: F_bar = 6545.650, C_max = 6901.000, Q_bar = 5055.900
   mu = 0.652265	0.641571	0.632136	0.612075	0.628538	0.738378	0.566547	0.405384	0.320265	0.302895	0.325636	0.270396	0.282048	0.360470	0.356535	
   O_bar = 11.002682	12.096890	9.985568	10.790302	11.837088	10.673934	11.235275	15.255568	14.967742	14.638743	14.381763	13.977684	14.598028	14.129734	15.916312	
9: F_bar = 5878.750, C_max = 6102.000, Q_bar = 4389.000
   mu = 0.864538	0.531422	0.699798	0.649485	0.448940	0.561252	0.622479	0.388760	0.312658	0.360383	0.345581	0.263520	0.328974	0.387270	0.287037	
   O_bar = 11.097498	9.587248	8.158693	9.784978	10.663225	8.469239	7.801898	15.006446	15.612001	14.702285	15.275405	14.928384	15.719148	14.338883	15.320767	
