0: F_bar = 26064.750, C_max = 27411.000, Q_bar = 24575.000
   mu = 0.079584	0.083960	0.071903	0.070381	0.068543	0.070956	0.080641	0.081755	0.075491	0.055444	0.081510	0.068565	0.065485	0.054015	0.072912	
   O_bar = 18.337034	13.844877	18.367987	12.846931	17.562479	16.343086	16.912798	18.637071	16.701517	16.194710	17.075316	13.276731	16.579986	16.611696	18.471106	
1: F_bar = 30139.850, C_max = 31676.000, Q_bar = 28650.100
   mu = 0.079886	0.054766	0.064929	0.060943	0.052311	0.062770	0.067700	0.068288	0.067344	0.062191	0.075008	0.077139	0.063708	0.071242	0.073167	
   O_bar = 16.642915	15.710415	16.226380	13.329406	17.526155	17.804363	17.240874	17.152683	16.829009	16.907543	17.149617	17.776368	19.421991	17.409761	15.465884	
2: F_bar = 29358.100, C_max = 31107.000, Q_bar = 27868.350
   mu = 0.064264	0.065959	0.066994	0.062720	0.069876	0.072933	0.076095	0.059471	0.076729	0.075546	0.067269	0.069257	0.073380	0.060897	0.059758	
   O_bar = 17.095643	17.121478	17.542473	15.440789	16.297237	15.570813	15.136794	14.677960	17.844882	19.271997	18.180723	15.757780	17.439181	14.716122	14.696902	
3: F_bar = 28824.700, C_max = 30830.000, Q_bar = 27334.950
   mu = 0.072130	0.063193	0.069931	0.074567	0.069193	0.064666	0.077017	0.071308	0.066029	0.085590	0.072437	0.058538	0.075641	0.067445	0.066917	
   O_bar = 16.448097	17.669857	16.668232	16.444843	17.618851	17.465396	14.554709	15.497478	15.607340	17.545610	17.500532	15.626866	18.351703	19.411559	16.337204	
4: F_bar = 30276.250, C_max = 30996.000, Q_bar = 28786.500
   mu = 0.055053	0.080322	0.066968	0.078310	0.073600	0.062298	0.074266	0.071224	0.060213	0.051169	0.074152	0.052488	0.081130	0.081317	0.055526	
   O_bar = 16.451837	17.176479	17.299844	16.499431	17.442489	16.380630	16.506485	15.047910	17.179029	18.149309	17.157118	13.801546	18.209187	13.539534	17.885711	
5: F_bar = 22007.450, C_max = 23496.000, Q_bar = 20517.700
   mu = 0.104126	0.107138	0.095824	0.092541	0.106590	0.107193	0.096077	0.094480	0.081235	0.078022	0.084614	0.091979	0.088671	0.100374	0.093335	
   O_bar = 11.846656	17.410372	16.141809	16.417015	13.745462	16.543773	10.658730	17.933079	19.033361	17.770035	17.366089	18.916510	16.489758	18.515391	17.008640	
6: F_bar = 22895.200, C_max = 23937.000, Q_bar = 21405.450
   mu = 0.110025	0.096410	0.105968	0.092993	0.087416	0.105681	0.098757	0.107869	0.109159	0.080329	0.093907	0.102873	0.084873	0.083302	0.094866	
   O_bar = 15.266025	17.614801	12.321931	15.488492	14.965296	14.477284	15.715371	17.638085	17.906796	19.212139	17.371014	18.968510	17.034126	18.412291	17.811854	
7: F_bar = 20842.500, C_max = 21344.000, Q_bar = 19352.750
   mu = 0.101685	0.131736	0.116013	0.086510	0.128600	0.120168	0.102646	0.073041	0.119498	0.076462	0.082432	0.107281	0.100824	0.087945	0.085135	
   O_bar = 18.289230	11.072160	17.334486	12.983703	15.372392	17.893054	15.193898	19.160883	18.290372	18.401284	18.649035	17.081297	17.273887	18.181206	18.130585	
8: F_bar = 22966.200, C_max = 23753.000, Q_bar = 21476.450
   mu = 0.124815	0.117944	0.113563	0.109120	0.135130	0.132524	0.106438	0.106882	0.087831	0.084486	0.083978	0.080106	0.081884	0.113872	0.094623	
   O_bar = 12.970749	16.063967	11.101636	14.841243	16.968639	14.545517	15.478816	19.042668	18.985397	17.134911	17.754977	17.099468	18.436997	18.265426	16.907289	
9: F_bar = 20510.450, C_max = 21562.000, Q_bar = 19020.700
   mu = 0.150428	0.119956	0.147117	0.170034	0.115184	0.157456	0.182522	0.115097	0.087961	0.106860	0.096837	0.079498	0.096918	0.123554	0.083007	
   O_bar = 16.189236	15.554951	15.543278	14.460364	16.120338	14.704996	13.445217	16.974896	16.525203	17.994470	17.927929	16.190686	15.897303	18.175842	17.994119	
