0: F_bar = 26635.750, C_max = 28233.000, Q_bar = 25146.000
   mu = 0.080892	0.084673	0.072029	0.068560	0.062372	0.068149	0.076436	0.077649	0.070662	0.054800	0.078813	0.066996	0.066709	0.054516	0.072176	
   O_bar = 15.332554	14.661739	15.214215	15.030252	17.827004	15.758584	16.757673	18.414955	17.967166	18.064136	18.228970	14.809466	16.723614	14.618463	16.979964	
1: F_bar = 27473.050, C_max = 28571.000, Q_bar = 25983.300
   mu = 0.084836	0.060713	0.067962	0.066081	0.059104	0.068664	0.075926	0.073330	0.072189	0.066622	0.079066	0.076720	0.073738	0.078237	0.078802	
   O_bar = 17.558793	16.216024	17.250631	17.511778	15.729251	17.789061	18.220546	18.973348	15.048173	16.707526	17.849315	17.765548	17.818833	15.209067	14.322103	
2: F_bar = 31722.450, C_max = 34467.000, Q_bar = 30232.700
   mu = 0.057874	0.060552	0.062219	0.057964	0.065004	0.064093	0.068052	0.054570	0.069175	0.071426	0.058317	0.060287	0.067130	0.056127	0.053599	
   O_bar = 19.651612	15.694668	16.188633	18.006455	15.300879	15.784558	14.756976	13.663726	18.015105	18.239385	19.524037	17.273722	16.585016	16.738104	11.783077	
3: F_bar = 32937.200, C_max = 34550.000, Q_bar = 31447.450
   mu = 0.065838	0.055448	0.061093	0.068008	0.059224	0.055445	0.066259	0.062196	0.057708	0.072247	0.063596	0.052812	0.067496	0.062948	0.056452	
   O_bar = 15.647838	18.497248	18.481295	15.332036	19.043018	15.530712	16.504626	18.159157	16.587625	17.854831	16.585288	12.452356	17.136700	17.351542	18.368399	
4: F_bar = 32746.000, C_max = 33981.000, Q_bar = 31256.250
   mu = 0.051771	0.070623	0.061903	0.074140	0.066260	0.058103	0.068722	0.066809	0.057843	0.047622	0.070429	0.048475	0.072246	0.069902	0.053590	
   O_bar = 17.731467	18.523725	15.713404	15.482742	17.426683	15.005837	15.470465	16.692730	17.058380	18.771325	16.348876	13.432704	18.783644	16.189798	18.333461	
5: F_bar = 22472.100, C_max = 23095.000, Q_bar = 20982.350
   mu = 0.102442	0.121743	0.101124	0.104408	0.117102	0.111815	0.102587	0.096013	0.082684	0.077836	0.079895	0.090194	0.082659	0.096735	0.095706	
   O_bar = 16.579138	16.799797	16.158522	12.548620	14.239937	16.497431	13.407121	16.871745	18.520874	16.536985	18.377066	19.161347	17.658151	15.117550	18.725364	
6: F_bar = 23819.450, C_max = 25140.000, Q_bar = 22329.700
   mu = 0.126648	0.113315	0.133352	0.115338	0.102359	0.118089	0.112409	0.101288	0.101303	0.079196	0.085707	0.100560	0.080231	0.083386	0.091956	
   O_bar = 16.360898	12.958146	11.909409	14.161612	12.965710	10.666705	16.187535	19.116867	18.487499	18.355984	19.223764	16.900643	19.177725	18.889182	15.277032	
7: F_bar = 22136.300, C_max = 22662.000, Q_bar = 20646.550
   mu = 0.099955	0.130617	0.108204	0.081803	0.117457	0.128286	0.102747	0.068503	0.106743	0.072991	0.079280	0.100949	0.095453	0.084973	0.078411	
   O_bar = 18.515885	12.449472	17.689851	10.641651	18.303292	16.793564	13.534898	18.796268	18.314226	18.935104	18.107501	17.530882	18.582300	17.264319	19.182840	
8: F_bar = 20978.650, C_max = 22429.000, Q_bar = 19488.900
   mu = 0.124220	0.122876	0.120249	0.106904	0.128287	0.147081	0.106744	0.113867	0.093363	0.090101	0.089077	0.085734	0.086718	0.123178	0.097183	
   O_bar = 15.587050	14.434957	12.163199	16.582366	16.340880	13.698748	12.438136	19.186912	16.531699	18.143970	17.588040	16.734758	18.039815	16.262422	18.496674	
9: F_bar = 21778.300, C_max = 23394.000, Q_bar = 20288.550
   mu = 0.129107	0.108125	0.129529	0.138479	0.100688	0.126267	0.164511	0.106132	0.082309	0.099430	0.093649	0.073127	0.083868	0.108162	0.082400	
   O_bar = 16.484538	13.185650	13.265918	16.354958	15.711827	17.371881	13.685085	16.625197	17.482629	18.596116	18.422632	19.348311	17.701889	16.928990	17.843080	
