0: F_bar = 4209.350, C_max = 4618.000, Q_bar = 2719.600
   mu = 0.533154	0.516214	0.452341	0.439343	0.425162	0.439013	0.527743	0.504313	0.432005	0.342789	0.472178	0.470074	0.415509	0.374065	0.463636	
   O_bar = 10.724492	9.363376	13.101080	10.516175	12.160830	9.775411	12.528496	12.919095	11.719792	9.689154	12.079945	8.590572	9.371065	11.197731	10.897368	
1: F_bar = 4384.850, C_max = 4720.000, Q_bar = 2895.100
   mu = 0.508259	0.441161	0.453333	0.456039	0.400646	0.415193	0.456321	0.506735	0.457818	0.431598	0.514867	0.470840	0.453687	0.460460	0.464831	
   O_bar = 11.285268	10.974512	10.061754	12.649758	9.808495	12.425016	12.302019	12.336272	10.187177	10.449562	11.744282	9.180815	13.299236	10.608105	8.425636	
2: F_bar = 4267.700, C_max = 4560.000, Q_bar = 2777.950
   mu = 0.485633	0.462321	0.488650	0.417383	0.453656	0.503395	0.569462	0.389959	0.525730	0.541475	0.440789	0.481095	0.518556	0.465858	0.410012	
   O_bar = 10.454051	13.438575	10.534289	10.719033	10.112692	12.696324	9.958960	9.420449	9.366650	14.044700	13.203947	10.488806	11.173771	12.169259	10.227707	
3: F_bar = 4314.700, C_max = 4752.000, Q_bar = 2824.950
   mu = 0.558831	0.413425	0.426136	0.513399	0.455369	0.487069	0.501663	0.512588	0.458454	0.562641	0.491811	0.382768	0.531328	0.515645	0.421123	
   O_bar = 11.203258	10.959915	8.189604	10.221909	11.237653	10.311961	10.545112	11.081571	10.033092	10.446612	9.136079	10.006170	10.817043	11.847876	10.595588	
4: F_bar = 4243.850, C_max = 4456.000, Q_bar = 2754.100
   mu = 0.375673	0.548141	0.474229	0.561641	0.484562	0.451696	0.519299	0.527007	0.417160	0.365797	0.591329	0.379610	0.603046	0.573025	0.403311	
   O_bar = 10.163375	11.944124	10.857143	10.050105	8.573360	9.712281	11.836846	11.291971	10.936959	12.631895	9.469728	8.170885	11.591746	9.189709	12.405230	
5: F_bar = 5939.150, C_max = 6397.000, Q_bar = 4449.400
   mu = 0.603727	0.674672	0.563780	0.532927	0.592593	0.634419	0.575531	0.377322	0.321091	0.301148	0.312361	0.347880	0.314498	0.350920	0.342817	
   O_bar = 9.953254	10.933562	10.621417	7.691159	9.570370	11.003721	8.749376	14.514721	13.300280	14.654141	14.758615	14.917687	14.267216	14.966763	14.124277	
6: F_bar = 5974.750, C_max = 6459.000, Q_bar = 4485.000
   mu = 0.651885	0.721449	0.774782	0.571755	0.540806	0.613028	0.598863	0.394183	0.401797	0.297696	0.360292	0.394146	0.312277	0.334171	0.364956	
   O_bar = 10.675113	13.859444	9.034011	9.367760	11.243820	9.267995	12.370027	13.870523	13.667362	13.336980	14.232385	12.792358	15.084533	16.169432	15.128692	
7: F_bar = 5547.450, C_max = 5911.000, Q_bar = 4057.700
   mu = 0.664987	0.844095	0.607477	0.479431	0.699737	0.659072	0.576261	0.277675	0.431964	0.276095	0.315945	0.405683	0.366045	0.344424	0.320898	
   O_bar = 12.174395	9.664436	10.364486	8.959480	10.848264	10.425952	8.782288	15.573063	15.621071	15.425647	15.242693	13.148488	15.507095	15.510781	14.664614	
8: F_bar = 5780.550, C_max = 6055.000, Q_bar = 4290.800
   mu = 0.848779	0.691358	0.652001	0.675887	0.668715	0.718341	0.573452	0.450900	0.372665	0.335151	0.364735	0.308175	0.321222	0.427171	0.395531	
   O_bar = 11.672741	11.549912	11.039365	10.542553	11.354333	10.547099	9.907444	14.747104	15.380927	14.208553	13.974136	14.165813	14.694137	13.927601	15.338844	
9: F_bar = 4965.250, C_max = 5268.000, Q_bar = 3475.500
   mu = 0.802563	0.582609	0.720430	0.824299	0.566350	0.664537	0.853599	0.446469	0.358801	0.451294	0.406780	0.339670	0.385537	0.435452	0.345541	
   O_bar = 10.364437	8.951505	8.845300	11.389907	11.583597	10.657827	9.478650	14.823842	14.416441	15.018935	14.870836	15.806506	15.725683	13.221139	15.405852	
