0: F_bar = 3720.300, C_max = 4123.000, Q_bar = 2230.550
   mu = 0.566710	0.583715	0.528620	0.533815	0.501530	0.473259	0.618963	0.586497	0.483871	0.375751	0.509684	0.506998	0.503224	0.463282	0.561902	
   O_bar = 9.301170	9.562955	12.576880	10.519364	11.611383	8.658231	11.878975	12.392896	11.088043	8.399530	11.403530	7.451300	9.162602	10.883142	10.276892	
1: F_bar = 4000.000, C_max = 4323.000, Q_bar = 2510.250
   mu = 0.585950	0.434330	0.481970	0.464681	0.437127	0.469398	0.480916	0.532561	0.491309	0.459652	0.571900	0.534783	0.486852	0.563690	0.553481	
   O_bar = 11.253989	9.840630	9.340214	10.587251	8.949593	11.626604	10.888272	11.129215	8.816031	8.735835	11.254065	8.377238	12.680338	10.576562	8.258325	
2: F_bar = 4396.500, C_max = 4772.000, Q_bar = 2906.750
   mu = 0.460594	0.438621	0.468822	0.388408	0.471036	0.488525	0.532412	0.384320	0.504391	0.510093	0.421207	0.453991	0.473986	0.413430	0.398236	
   O_bar = 9.298060	11.527816	9.755158	9.172578	9.340872	11.118155	9.867731	8.935156	8.095656	12.228131	12.489313	9.944836	9.548476	9.584932	9.289462	
3: F_bar = 4075.900, C_max = 4597.000, Q_bar = 2586.150
   mu = 0.569433	0.379160	0.498278	0.533985	0.504771	0.532862	0.536892	0.479510	0.449018	0.562781	0.545115	0.424383	0.561792	0.519610	0.460078	
   O_bar = 10.745455	8.871873	8.458415	9.726161	12.810648	10.822871	10.059075	8.986105	8.523066	10.446973	9.639883	9.954068	10.462780	11.652653	10.813778	
4: F_bar = 4081.850, C_max = 4500.000, Q_bar = 2592.100
   mu = 0.440874	0.527556	0.519062	0.641982	0.565195	0.477261	0.542956	0.484998	0.469398	0.380461	0.618958	0.401786	0.553052	0.562357	0.426433	
   O_bar = 11.096392	11.127333	11.810665	11.572722	9.019453	9.453287	11.889824	9.606359	11.667606	12.413586	9.179377	8.289541	10.073665	8.150472	12.582445	
5: F_bar = 5239.850, C_max = 5516.000, Q_bar = 3750.100
   mu = 0.915239	0.957927	0.812528	0.804788	0.806723	0.876982	0.775768	0.402957	0.402985	0.332949	0.351670	0.378133	0.361964	0.395167	0.397571	
   O_bar = 10.849004	11.071745	10.865184	9.971915	9.399580	11.514359	9.233908	13.648138	15.377963	14.305828	14.696005	14.757231	14.466250	14.381904	14.243474	
6: F_bar = 5928.950, C_max = 6341.000, Q_bar = 4439.200
   mu = 0.840529	0.784946	0.771582	0.703158	0.557806	0.891051	0.713217	0.379469	0.394890	0.301292	0.383805	0.399275	0.341055	0.330351	0.385097	
   O_bar = 11.812913	12.759458	7.973565	10.572982	9.436605	10.948552	12.376915	13.830275	13.801451	14.044623	15.525605	13.376874	16.344099	15.516070	15.353935	
7: F_bar = 5681.900, C_max = 6129.000, Q_bar = 4192.150
   mu = 0.825271	0.919461	0.777861	0.609996	0.888477	0.885736	0.898801	0.270295	0.410487	0.266275	0.311338	0.401852	0.356774	0.323273	0.314910	
   O_bar = 12.217264	9.540087	10.414734	7.972452	10.738051	11.206871	10.258034	16.094289	15.481928	15.495350	15.183376	14.628291	15.161140	15.926204	15.822641	
8: F_bar = 6760.150, C_max = 7459.000, Q_bar = 5270.400
   mu = 0.686207	0.776545	0.876779	0.775427	0.709488	0.962793	0.682210	0.390251	0.303230	0.302383	0.301122	0.250168	0.280542	0.364276	0.347542	
   O_bar = 9.396238	10.922345	11.153470	11.202197	11.192370	11.713211	10.286050	14.773870	14.726728	14.168332	13.345387	13.089288	15.167316	14.553894	16.584451	
9: F_bar = 5705.000, C_max = 6162.000, Q_bar = 4215.250
   mu = 0.865659	0.699037	0.887607	0.849057	0.561410	0.734463	0.737786	0.390114	0.322609	0.348101	0.362123	0.287554	0.330581	0.418165	0.297006	
   O_bar = 10.676458	9.980337	9.648291	10.884097	12.362177	11.623941	8.460808	14.983414	14.396696	13.555015	14.879466	14.746423	16.076495	15.207116	14.626518	
