0: F_bar = 27555.750, C_max = 29029.000, Q_bar = 26066.000
   mu = 0.080549	0.082798	0.069295	0.063626	0.059138	0.064278	0.071701	0.076458	0.069208	0.052221	0.075414	0.064330	0.064766	0.053659	0.070496	
   O_bar = 16.079883	13.636989	16.133368	18.236763	17.685261	16.542894	18.359326	17.312089	17.672483	15.129063	16.646220	14.138410	19.083637	15.194482	15.490233	
1: F_bar = 29724.300, C_max = 31365.000, Q_bar = 28234.550
   mu = 0.077171	0.053529	0.067226	0.062247	0.054873	0.061936	0.067544	0.065159	0.064881	0.062613	0.073830	0.068557	0.068146	0.072390	0.078966	
   O_bar = 13.475225	16.023886	16.757874	16.706670	13.620888	18.352828	17.201105	18.979655	17.195409	15.147578	15.754370	17.274197	17.888596	14.671970	15.398395	
2: F_bar = 27841.150, C_max = 30028.000, Q_bar = 26351.400
   mu = 0.067120	0.068323	0.071185	0.068605	0.073544	0.071600	0.075042	0.068498	0.080869	0.083722	0.068505	0.069069	0.079316	0.064572	0.062079	
   O_bar = 17.305295	16.871697	17.269180	17.632148	14.196634	19.257093	16.803158	11.866589	13.308597	17.621789	17.320269	18.396879	17.323476	15.215202	15.023831	
3: F_bar = 33666.450, C_max = 36116.000, Q_bar = 32176.700
   mu = 0.062803	0.060120	0.058153	0.066080	0.057157	0.053078	0.063546	0.056116	0.052553	0.075284	0.061813	0.049665	0.066733	0.059662	0.055007	
   O_bar = 16.399372	16.827228	15.875711	13.879217	16.997384	16.032058	15.185415	18.508710	17.550476	17.459431	16.559407	11.934694	17.025211	18.140633	17.923019	
4: F_bar = 34952.850, C_max = 37235.000, Q_bar = 33463.100
   mu = 0.047948	0.070102	0.057509	0.065770	0.059769	0.054797	0.060908	0.061653	0.052339	0.045347	0.066150	0.043447	0.065933	0.064985	0.048609	
   O_bar = 16.366969	18.115872	16.640819	17.289987	18.379295	14.997162	17.764922	15.436354	16.228885	18.622693	13.148400	16.697029	19.377118	17.489788	17.939419	
5: F_bar = 19586.300, C_max = 20223.000, Q_bar = 18096.550
   mu = 0.125040	0.143998	0.111166	0.119800	0.125959	0.130626	0.119663	0.111740	0.092308	0.091879	0.094150	0.102279	0.094397	0.108398	0.108942	
   O_bar = 15.441055	15.977498	15.455844	13.635186	11.532966	16.413203	13.480857	16.657878	17.710407	16.649894	18.206542	18.129766	18.052119	17.946474	17.488376	
6: F_bar = 21761.450, C_max = 23102.000, Q_bar = 20271.700
   mu = 0.117089	0.101227	0.111184	0.111185	0.096876	0.112604	0.103116	0.107525	0.108389	0.086680	0.096716	0.113250	0.088718	0.090839	0.097759	
   O_bar = 16.452048	18.279955	11.812809	14.231358	13.927874	12.403704	17.475818	18.935368	18.213661	15.216602	16.667505	17.138479	17.587992	18.081819	18.090556	
7: F_bar = 23540.200, C_max = 25026.000, Q_bar = 22050.450
   mu = 0.102864	0.123701	0.114323	0.085583	0.114907	0.136675	0.109751	0.061749	0.096659	0.067335	0.069946	0.094637	0.095075	0.076080	0.077515	
   O_bar = 16.543012	13.206756	12.804826	11.536138	17.306771	16.710516	12.988697	19.171747	18.644290	17.575979	18.646873	19.100667	17.782317	16.936402	18.749431	
8: F_bar = 22230.050, C_max = 22641.000, Q_bar = 20740.300
   mu = 0.117537	0.105043	0.109878	0.104478	0.127790	0.124037	0.109003	0.113908	0.092308	0.089625	0.085832	0.083103	0.085906	0.110287	0.095078	
   O_bar = 14.391001	15.686425	12.765581	16.181768	17.204252	16.180859	12.217380	17.082662	17.810534	19.124345	17.498512	18.277768	16.889139	15.973139	18.133860	
9: F_bar = 23657.450, C_max = 24987.000, Q_bar = 22167.700
   mu = 0.117557	0.107108	0.121811	0.127280	0.098164	0.125885	0.136378	0.099767	0.078082	0.087885	0.089067	0.066852	0.078521	0.099368	0.074188	
   O_bar = 14.723294	13.747602	13.801713	17.037405	16.486242	16.964837	11.017933	18.588081	16.806541	18.329332	17.897112	18.192450	19.417337	18.371440	18.102863	
