0: F_bar = 30093.000, C_max = 32364.000, Q_bar = 28603.250
   mu = 0.073852	0.075085	0.062246	0.057070	0.057192	0.062170	0.065908	0.069948	0.064247	0.049176	0.069008	0.061215	0.055659	0.046328	0.063041	
   O_bar = 16.303203	14.575085	16.548188	16.798974	19.190383	15.025636	16.354686	17.803286	16.793765	17.176527	14.523882	12.511829	17.004403	15.980396	14.044109	
1: F_bar = 32452.850, C_max = 33442.000, Q_bar = 30963.100
   mu = 0.072852	0.051574	0.061891	0.059220	0.049899	0.057186	0.062167	0.061202	0.062151	0.058542	0.071497	0.066716	0.060679	0.064663	0.070590	
   O_bar = 16.809950	15.029353	15.220292	14.722311	16.849714	18.887793	18.388135	18.858516	14.945515	14.973259	18.073117	17.750303	18.240701	16.059249	15.013191	
2: F_bar = 30410.200, C_max = 32125.000, Q_bar = 28920.450
   mu = 0.059561	0.061068	0.063658	0.061170	0.064868	0.067849	0.070056	0.061143	0.074086	0.073435	0.065945	0.064110	0.071609	0.057370	0.057643	
   O_bar = 18.161031	16.432979	19.193961	19.073874	16.392162	17.036134	15.382201	11.946801	16.266081	17.893253	18.496424	17.470382	15.441601	14.543344	14.143110	
3: F_bar = 26698.050, C_max = 28414.000, Q_bar = 25208.300
   mu = 0.077339	0.070687	0.074575	0.082034	0.075926	0.071022	0.083086	0.071333	0.066798	0.092532	0.079806	0.061596	0.084285	0.071818	0.071106	
   O_bar = 16.444349	16.428664	12.817743	15.055441	17.417746	15.714578	14.806807	16.356667	16.007180	15.075382	15.015828	16.410922	15.169510	18.906215	17.134838	
4: F_bar = 33025.600, C_max = 35099.000, Q_bar = 31535.850
   mu = 0.050440	0.073724	0.060483	0.068663	0.066258	0.058184	0.065353	0.065966	0.054424	0.048275	0.069035	0.046386	0.072726	0.069479	0.050631	
   O_bar = 15.291310	18.263097	17.081945	18.246674	17.187741	15.601693	17.902760	15.776153	17.352910	17.589925	16.204618	16.357484	16.517226	14.787276	19.346857	
5: F_bar = 24015.000, C_max = 25095.000, Q_bar = 22525.250
   mu = 0.108961	0.108546	0.094789	0.100743	0.108548	0.102747	0.093254	0.087520	0.074443	0.074317	0.077714	0.087989	0.079731	0.086671	0.087409	
   O_bar = 14.561015	17.250866	15.374391	15.174457	13.567730	16.617888	13.886063	17.520122	18.168066	16.959042	16.135850	17.964823	16.510462	18.520861	18.492327	
6: F_bar = 22701.550, C_max = 23942.000, Q_bar = 21211.800
   mu = 0.115155	0.097079	0.108403	0.101233	0.091320	0.113460	0.101992	0.108907	0.106558	0.077796	0.094686	0.107614	0.087361	0.084124	0.092390	
   O_bar = 17.461100	16.789982	12.308148	13.928875	14.781164	12.980787	14.882266	16.614718	16.642283	17.608074	16.446522	17.028013	16.990991	18.670717	18.877412	
7: F_bar = 19152.400, C_max = 20003.000, Q_bar = 17662.650
   mu = 0.114765	0.131106	0.125855	0.093593	0.137484	0.132314	0.109150	0.076809	0.124421	0.082391	0.086084	0.120942	0.112218	0.092636	0.096049	
   O_bar = 16.044073	12.331740	13.321595	11.813477	15.403509	16.567970	12.907799	17.647749	16.684858	18.080977	18.339751	16.895070	15.299701	18.834975	16.679928	
8: F_bar = 24844.900, C_max = 26281.000, Q_bar = 23355.150
   mu = 0.095790	0.090682	0.087807	0.086412	0.106432	0.099409	0.081968	0.101864	0.078954	0.081870	0.074823	0.073517	0.074484	0.099201	0.087132	
   O_bar = 13.948057	16.147358	14.451820	15.413656	16.880362	17.257392	14.379520	16.926883	17.902097	18.302630	18.036830	16.493145	17.812316	17.416534	16.826976	
9: F_bar = 23570.250, C_max = 24615.000, Q_bar = 22080.500
   mu = 0.148775	0.108759	0.126785	0.143080	0.101437	0.145434	0.162273	0.100543	0.076539	0.093992	0.084826	0.069161	0.083284	0.097878	0.071721	
   O_bar = 14.847736	14.343135	13.500488	13.760885	17.794099	12.054608	9.864631	17.938101	15.279130	16.099864	18.418891	18.406796	17.767807	18.207723	19.121173	
